2020090100 0 0
2020090101 396326397 29147852
2020090102 440467469 35186255
2020090103 451298655 38506209
2020090104 466221301 41489647
2020090105 475898711 44279726
2020090106 496147643 47349934
2020090107 603415564 53964012
2020090108 778617361 63686057
2020090109 875862506 70391282
2020090110 1040130877 83435067
2020090111 1144326851 89570648
2020090112 2146229929 124930387
2020090113 2171970053 128926710
2020090114 2200144200 133222339
2020090115 3228930529 164538498
2020090116 3384043369 173922402
2020090117 4693384335 212460767
2020090118 4785071077 227316223
2020090119 4817405541 241624423
2020090120 4851037776 257289417
2020090121 4885499266 273185145
2020090122 4918965344 288530206
2020090123 4953262266 304279601
2020090200 4987482939 320317782
2020090201 5329376445 331636487
2020090202 5347594863 335208391
2020090203 5355278821 337345629
2020090204 5363903493 339857173
2020090205 5371255579 341897346
2020090206 5379722094 344277659
2020090207 5388705665 346813072
2020090208 5640539972 370281110
2020090209 5649994727 372935268
2020090210 5676345450 377331892
2020090211 5961266046 395939680
2020090212 5991024325 400685407
2020090213 6025567788 404975270
2020090214 6039899361 408320087
2020090215 6285622866 419833208
2020090216 7066856862 443043401
2020090217 7845570727 457245889
2020090218 7885150775 470345762
2020090219 7918429768 484971814
2020090220 7972003476 501936124
2020090221 8005325549 517321805
2020090222 8115929739 529677378
2020090223 8284222165 541522029
