2020080100 0 0
2020080101 134283208 10594416
2020080102 2885744967 34509648
2020080103 4032936361 45216350
2020080104 4038032553 47199797
2020080105 4099155838 52501787
2020080106 4446091713 74932108
2020080107 4989169809 90497792
2020080108 5315337088 101437186
2020080109 5388775859 106433082
2020080110 5556857185 125281725
2020080111 6565371070 153387543
2020080112 11202094230 248617746
2020080113 13818339659 326017275
2020080114 16483842517 405037287
2020080115 16677017636 413216510
2020080116 16729075394 418470108
2020080117 16773781980 423271091
2020080118 16831943692 429118515
2020080119 17122352989 445798495
2020080120 17374815575 464239240
2020080121 17530225790 478145724
2020080122 17618189221 490196864
2020080123 17733666868 506320632
