2020110100 0 0
2020110101 15156465 1752818
2020110102 16848918 2245731
2020110103 17115094 2407376
2020110104 17451726 2604639
2020110105 17650760 2679243
2020110106 21865566 3512977
2020110107 22805752 3785996
2020110108 23039890 3873736
2020110109 23489721 4111295
2020110110 25094176 4573500
2020110111 398753560 15316550
2020110112 692910113 24187510
2020110113 1449564984 34644544
2020110114 3943751992 47813665
2020110115 5198993259 59850320
2020110116 5480128134 71958369
2020110117 5739404854 80559678
2020110118 5923871345 88672894
2020110119 6043520369 97170140
2020110120 6096645565 105133073
2020110121 6190771040 113237809
2020110122 6196827267 116347031
2020110123 6203707519 119391990
2020110200 6423126091 142310532
2020110201 6678545800 167953634
2020110202 6744597130 175028419
2020110203 6781708704 176757147
2020110204 6787449403 177477316
2020110205 6787736708 177601253
2020110206 6788344009 177872506
2020110207 6788595150 177972946
2020110208 6789751061 178525965
2020110209 6790516383 178827427
2020110210 6791219934 179216814
2020110211 6791694316 179398379
2020110212 6795642659 180235695
2020110213 7017606950 184772086
2020110214 7021630936 185569306
2020110215 8216608587 207497796
2020110216 8534621541 216549995
2020110217 11063474974 257016728
2020110218 11484452937 268849916
2020110219 11492661347 271722587
2020110220 11546025472 278244129
2020110221 11602690285 283543416
2020110222 11640233598 288733207
2020110223 11644568744 290265395
2020110300 11644848911 290390113
2020110301 11645109599 290502585
2020110302 11645335250 290599538
2020110303 11645558839 290695563
2020110304 11645801792 290804940
2020110305 11646034637 290904261
2020110306 11646345141 291039647
2020110307 11646577536 291137580
2020110308 11646899886 291253734
2020110309 11648837240 291789206
2020110310 11650259186 292126094
2020110311 11650668521 292363726
2020110312 11654525074 293295173
2020110313 11666566392 294569248
2020110314 11909307282 301073307
2020110315 11914938815 303930638
2020110316 11952018013 307855314
2020110317 11955619095 308908539
2020110318 11986899053 311069956
2020110319 11990392185 311872345
2020110320 12025814901 314117958
2020110321 12031426651 315563980
2020110322 12035527239 316523490
2020110323 12074940672 319168268
