2020061520 44133857319 2355859604
2020061521 44283252416 2360320363
2020061522 44421902654 2366847874
2020061523 44637759248 2374650543
2020061600 44747173647 2380674375
2020061601 44813427783 2408361908
2020061602 44878053781 2417778740
2020061603 44951644308 2423263207
2020061604 44992544362 2425768441
2020061605 45361186732 2453367233
2020061606 45361500931 2453652548
2020061607 45361634096 2453739925
2020061608 45377835507 2455104827
2020061609 45381059828 2455708837
2020061610 45395058527 2457965719
2020061611 45457510360 2486330821
2020061612 45529265372 2516871773
2020061613 45563539833 2521504028
2020061614 45636457460 2528025844
2020061615 45781991525 2578103566
2020061616 46025611868 2587577553
2020061617 46413918284 2725386440
2020061618 46878504147 2969795080
2020061619 47284258645 2978001048
2020061620 47622332594 2985238851
2020061621 47884340747 2993973938
2020061622 48370692945 3012677063
2020061623 48476498700 3024425237
2020061700 48608921999 3035940328
2020061701 48860209548 3050902952
2020061702 49067063089 3061191063
2020061703 49839159757 3089038188
2020061704 49880346892 3093787432
2020061705 49880435842 3093818584
2020061706 49880483893 3093840194
2020061707 49880503793 3093850979
2020061708 49880543769 3093868051
2020061709 49881479677 3093908757
2020061710 49916936233 3096824392
2020061711 49918474139 3098436459
2020061712 49919410887 3099688984
2020061713 49920505001 3100865398
2020061714 49921618874 3102165792
2020061715 49932109200 3105439096
2020061716 49934623422 3107974814
2020061717 49936505009 3109908625
2020061718 49944252526 3112386670
2020061719 50164760851 3119129965
2020061720 50487796993 3125816099
2020061721 50636741780 3133503002
2020061722 50720712119 3143928054
2020061723 50781901066 3155158805
2020061800 50863706885 3176406331
2020061801 51098425207 3789883125
2020061802 51717883202 3868731693
2020061803 52095986548 3877080698
2020061804 52096860732 3877203530
2020061805 52096977736 3877233548
2020061806 52097024591 3877253494
2020061807 52097072276 3877274360
2020061808 52097187173 3877295155
2020061809 52259994493 3885057155
2020061810 52907278554 3905124571
2020061811 53115350443 3919187651
2020061812 53539892948 3925735656
2020061813 53819270715 3932485096
2020061814 54255287058 3948931740
2020061815 54672782402 3960160808
2020061816 54975192893 3972118934
2020061817 55159150140 3987831347
2020061818 55159185972 3987872297
2020061818 55160835820 3988870770
2020061819 55174384609 3991629741
2020061819 55183708779 3993704536
2020061819 55183736424 3993730518
2020061820 55185310576 3994415600
2020061821 55216487326 4000544062
2020061822 55255847312 4007528475
2020061823 55310310417 4022194139
2020061900 55345140718 4028794991
2020061901 55378067030 4036498682
2020061902 55448904276 4046313932
2020061903 55576330699 4058036163
2020061904 55885523553 4071946224
2020061905 56091324201 4073651020
2020061906 56091478399 4073765606
2020061907 56091497775 4073773185
2020061908 56092124903 4073922550
2020061909 56092332855 4073958858
2020061910 56159894944 4078441165
2020061911 56340607305 4084225562
2020061912 56648238733 4090216442
2020061913 56865164503 4100153138
2020061914 57180270910 4107754895
2020061915 57359282247 4114751940
2020061916 57859660842 4135113372
2020061917 58166046679 4142264226
2020061918 58166318829 4142420525
2020061919 58242389459 4148417224
2020061920 58402995217 4160923200
2020061921 58440914212 4164780943
2020061922 58440965240 4164805926
2020061923 58440994329 4164821184
2020062000 58441053586 4164844980
2020062001 58441207552 4164885569
2020062002 58441309622 4164913339
2020062003 58441402819 4164941893
2020062004 58443579822 4169181763
2020062005 58459520172 4211139879
2020062006 58488819515 4250235606
2020062007 58710802922 4262380732
2020062008 58719555547 4263396006
2020062009 58719616962 4263424231
2020062010 58719932157 4263524661
2020062011 58719963150 4263539366
2020062012 58844086908 4270599976
2020062013 59461548429 4292523413
2020062014 59652507139 4302181914
2020062015 59691616292 4344659014
2020062016 59731426665 4391387068
2020062017 59820589870 4438618206
2020062018 59844444448 4486576234
2020062019 59883474109 4539452061
2020062020 59939590579 4601231664
2020062021 59959464503 4665349898
2020062022 59974290444 4734907888
2020062023
