2020100100 0 0
2020100101 5806594 1080398
2020100102 6632078 1383644
2020100103 8402673 2057425
2020100104 13549305 2918138
2020100105 21349373 3987000
2020100106 21922770 4251121
2020100107 22881315 4590169
2020100108 23111891 4676382
2020100109 55415093 6685241
2020100110 62609732 7946542
2020100111 63063698 8090416
2020100112 93133138 10385139
2020100113 93780439 10652637
2020100114 2710433398 41185568
2020100115 4553518832 64355737
2020100116 4624824762 70055293
2020100117 4660097576 72802350
2020100118 6602675735 94294334
2020100119 6898288559 106127822
2020100120 6924401861 109449259
2020100121 6990509307 114796602
2020100122 7038173900 121180250
2020100123 7274520114 135985000
2020100200 7291671706 140548646
2020100201 7310547505 144172367
2020100202 7314812859 144677117
2020100203 7328711529 145178272
2020100204 7333084533 145867669
2020100205
2020100206 7334188000 146475696
2020100207 7337482500 147334025
2020100208 7480724699 155938248
2020100209 7674202690 164157606
2020100210 7716789255 168666706
2020100211 7720116176 169316303
2020100212 7721616328 169560456
2020100213 7721955339 169677598
2020100214 7722208226 169764634
2020100215 7722690913 169885291
2020100216 7725799746 170370425
2020100217 7779324711 173856846
2020100218 7796391729 177029010
2020100219 7803747497 177869013
2020100220 7818428978 179890926
2020100221 7820282306 180459651
2020100222 7828845358 181880202
2020100223 8026125382 195590917
