2020070100 0 0
2020070101 86140946 16199223
2020070102 140658047 28160400
2020070103 201193242 38164683
2020070104 685477906 47293428
2020070105 717536082 50106987
2020070106 724671952 52288169
2020070107 732446804 54539551
2020070108
2020070109
2020070110
2020070111
2020070112
2020070113 819375341 58717078
2020070114 1037053891 65618050
2020070115 1186439961 75491226
2020070116 1468098663 89184748
2020070117 1646030577 94814000
2020070118 1859764942 97766605
2020070119 1895355035 99015471
2020070120 1900666954 100588359
2020070121 1980773945 107498362
2020070122 2117514838 120421670
2020070123 2153130129 130806664
