2020120100 0 0
2020120101 163913596 7109149
2020120102
2020120103 659226839 28394051
2020120104 1827037870 68454754
2020120105 2364925494 86953478
2020120106 2372292711 88932713
2020120107 2379053172 91031215
2020120108 2386185834 93264103
2020120109 2393690817 95617877
2020120110 2402772759 98299598
2020120111 2412617741 101148156
2020120112 2451016926 105097234
2020120113 2464839215 108132135
2020120114 2968274309 206333532
2020120115 6071881920 244106739
2020120116 6879913391 263264934
2020120117 7768043140 294171903
2020120118 8415602672 323268089
2020120119 8562682536 332462481
2020120120 8603799361 337961843
2020120121 8624512593 341168063
2020120122 8640282224 344505535
2020120123 8858868057 499872299
2020120200 9049102389 564117257
2020120201 9093670356 675117207
2020120202 9171253783 682887736
2020120203 9465455924 698266775
2020120204 9930610954 716589924
2020120205 9997904759 722155424
2020120206 10653753070 759133763
2020120207 10716367924 952134339
2020120208 10741516435 1007756746
2020120209 10807517337 1129153867
2020120210 10819039601 1132481461
2020120211 10825932747 1134808255
2020120212 10833051492 1136885213
2020120213 10840509304 1139057486
2020120214 10848189038 1141234471
2020120215 10856379585 1143563373
2020120216 11592294620 1180781221
2020120217 11616621415 1266388234
2020120218 11672977305 1281810241
2020120219 11818884129 1295005668
2020120220 11897213133 1304390814
2020120221 11904133173 1306267905
2020120222 11915627378 1309352289
2020120223 11922571813 1311358280
2020120300 11942960414 1315008785
2020120301 12040252746 1324998705
2020120302
2020120303 12142651336 1338527644
2020120304 12878129438 1356217891
2020120305 12893898918 1361217358
2020120306 12965466955 1366865462
2020120307 13016084983 1374654045
2020120308 13027780507 1377820734
2020120309 13156993149 1389431894
2020120310 13241298331 1397242265
2020120311 13871812764 1411128081
2020120312 14296685374 1425859048
2020120313 14418014247 1430437528
2020120314 14432523549 1433065630
2020120315 14441177360 1435573093
2020120316 14479020828 1439481444
2020120317 14595390162 1445729334
2020120318 14743557487 1453918404
2020120319 14776818751 1460582263
2020120320 15011568868 1480204922
2020120321 15302841522 1496340255
2020120322 15635884993 1514204096
2020120323 15930825840 1530591540
