2021010100 0 0
2021010101 378294862 18661313
2021010102 759747229 38112495
2021010103 1137957547 54380579
2021010104 1492374180 64989432
2021010105 1611771757 70445286
2021010106 1816383170 76827841
2021010107 1822615232 78775396
2021010108 1828213309 80483977
2021010109 1833941302 82234440
2021010110 1840212594 84145737
2021010111 1847026379 86262478
2021010112 1853887794 88410273
2021010113 1968062185 94654033
2021010114 2033270826 98217075
2021010115 2215049326 105590767
2021010116 2244143950 122538216
2021010117 2272759427 139050017
2021010118 2392523632 157964582
2021010119 2447408545 173785634
2021010120 2692983690 191348739
2021010121 2908636960 206361467
2021010122 3009461560 218896882
2021010123 3027383741 221773592
