2021070100 0 0
2021070101 276573591 13301241
2021070102 457343512 23642709
2021070103 573039752 31385050
2021070104 573725973 31635696
2021070105 573918134 31699471
2021070106 668539261 36896490
2021070107 924584808 51299954
2021070108 1383795445 72631088
2021070109 2360045178 102906625
2021070110 3127191989 119708285
2021070111 3464223954 135125861
2021070112 3484900775 140279653
2021070113 3485047780 140321976
2021070114 3485247281 140381180
2021070115 3485467311 140447974
2021070116 3485676086 140510143
2021070117 3485874853 140568935
2021070118 3486063517 140624722
2021070119 3486292311 140693229
2021070120 3486491811 140752641
2021070121 3486680567 140808784
2021070122 3486879298 140868052
2021070123 3487108102 140937079
