2021020100 0 0
2021020101 10789187 3159475
2021020102 19647739 6616919
2021020103 29588724 9350315
2021020104 37947389 11257712
2021020105 46019456 13516224
2021020106 196462869 19727692
2021020107 415930132 26247409
2021020108 4067517887 78851315
2021020109 4479457968 100812376
2021020110 4871956531 122493128
2021020111 5223639005 140894243
2021020112 5379126666 147654726
2021020113 5469595597 153374056
2021020114 5528941150 159606504
2021020115 5758591376 166805016
2021020116 6146258024 174843916
2021020117 7117903080 186359327
2021020118 7773685245 196905812
2021020119 7963892708 210807538
2021020120 8318363835 226622503
2021020121 8695257574 242795916
2021020122 9021919146 264568145
2021020123 9334490599 286879341
2021020200 9529003984 302023353
2021020201 9537569887 304334025
2021020202 9545508874 306556534
2021020203 9552348772 308641178
2021020204 9561054642 310915637
2021020205 9570279343 313396504
2021020206 9582195238 316668493
2021020207 9593221353 319619726
2021020208 9611513297 322608273
2021020209 9620079841 325082312
2021020210 9636533890 328109431
2021020211 9644527657 330435675
2021020212 9652715652 333146867
2021020213 9660290852 335226008
2021020214 9667367017 337296690
2021020215 9677284823 339910984
2021020216 10233580365 365176528
2021020217 10479335183 379191284
2021020218 10686756085 391927397
2021020219 11062741119 412849813
2021020220 11174299021 425211812
2021020221 11184199683 428924027
2021020222 11192366288 431123963
2021020223 11245206014 437738475
2021020300 11358837044 445681817
2021020301 11629242558 466255674
2021020302 11653856920 471874737
2021020303 11675090092 476710086
2021020304 11686637500 480847096
2021020305 11736419069 486671642
2021020306 12094519906 500010476
2021020307 13260151584 512927323
2021020308 16503310123 537832446
2021020309 17294767731 546978025
2021020310 17311913650 550323524
2021020311 17320462239 552778958
2021020312 17328872676 555284639
2021020313 17338175359 557939696
2021020314 17345419351 559970335
2021020315 17352527006 562204058
2021020316 17352673830 562253471
2021020317 18403638396 575646190
2021020318 19418060488 591691758
2021020319 19592707039 608960032
2021020320 19921202503 633200492
2021020321 20363638454 661562218
2021020322 20707573657 686005204
2021020323 20808337084 698966232
