2021030100 2602 312
2021030101 5983943 1193856
2021030102 63115304 5731646
2021030103 418012595 19305970
2021030104 673747243 29136934
2021030105 955145407 40523133
2021030106 1121019839 47604475
2021030107 1248580294 52992807
2021030108 1482993497 70542548
2021030109 1714814507 77751402
2021030110 1859343141 82700646
2021030111 1860926942 83557306
2021030112 1862950654 84444559
2021030113 1864585178 85199299
2021030114 1865855782 85822328
2021030115 2020448001 92785775
2021030116 2241690067 102440670
2021030117 2507842322 114389935
2021030118 2771254947 125943421
2021030119 3061352612 138418740
2021030120 3271266672 149937535
2021030121 3565690667 170221053
2021030122 3765179225 180124655
2021030123 3932534216 187374319
2021030200 4098154383 194674404
2021030201 4124811483 196957195
2021030202 4143694732 199226185
2021030203 4216332444 203237188
2021030204 4223168809 204459478
2021030205 4225457901 204808928
2021030206 4227348521 205352857
2021030207 4228197280 205758124
2021030208 4369038835 210142684
2021030209 4395020697 213957853
2021030210 4674602474 224351362
2021030211 4980518102 234303366
2021030212 5336746195 243002338
2021030213 5342421332 246059914
2021030214 5345773560 248043159
2021030215 5349614803 250018164
2021030216 5352721853 251962007
2021030217 5720289405 263339298
2021030218 7622281699 282877731
2021030219 7709307639 296652483
2021030220 7743231622 301040933
2021030221 7748543896 303404030
2021030222 7851143212 309077933
2021030223 7914207196 312387838
