2021050100 0 0
2021050101 177199786 15240037
2021050102 486583843 34128176
2021050103 743531099 48826206
2021050104 1103592737 64077958
2021050105 1496724390 77109476
2021050106 1568085383 79256726
2021050107 1568370299 79359684
2021050108 1568744325 79535169
2021050109 1582303911 80036991
2021050110 1582575683 80129386
2021050111 1625990156 82494572
2021050112 1626225187 82579133
2021050113 2135177872 102745257
2021050114 2529590191 119202999
2021050115 2979770401 140321671
2021050116 3510830568 160635694
2021050117 3977926223 182343807
2021050118 4588041210 212863235
2021050119 4784429681 228918208
2021050120 5006261586 247289854
2021050121 5262220627 274490917
2021050122 5366716073 287585389
2021050123 5669764662 310234239
