2021060100 0 0
2021060101 112655919 11145877
2021060102 441414441 36264332
2021060103 570053621 39816827
2021060104 570244884 39874946
2021060105 570454935 39938519
2021060106 570665306 40002156
2021060107 570855396 40059079
2021060108 571077203 40126601
2021060109 571246882 40177082
2021060110 571456448 40240575
2021060111 587544993 40898254
2021060112 588077314 41181244
2021060113 588284787 41243072
2021060114 616163581 44398855
2021060115 616336096 44452038
2021060116 616526086 44508961
2021060117 616726046 44569469
2021060118 616895455 44620106
2021060119 617086078 44677792
2021060120 617272768 44736013
2021060121 617475128 44798045
2021060122 617685977 44862612
2021060123 673944586 53197090
2021060200 885960229 76700418
2021060201 898812151 79027302
2021060202 898995397 79081800
2021060203 899196242 79142432
2021060204 899396355 79202732
2021060205 899597591 79263524
2021060206 899767477 79313901
2021060207 899962273 79372826
2021060208 917273734 80447707
2021060209 1494460030 100182561
2021060210 1664319097 113882390
2021060211 1850011154 200671726
2021060212 2316598624 422022284
2021060213 2549030898 499721097
2021060214 2830535691 518270023
2021060215 3488866120 542696185
2021060216 4145282984 570736660
2021060217 4407652353 595165940
2021060218 4973500927 617298841
2021060219 5314595000 638399967
2021060220 5943812750 672007503
2021060221 6338749693 704938498
2021060222 6429970298 734552351
2021060223 6463392108 766095093
