2021080100 0 0
2021080101 242520772 14266401
2021080102 519999775 27134134
2021080103 571071543 29509735
2021080104 585187067 30310399
2021080105 585504745 30474350
2021080106 585740723 30549632
2021080107 586624887 30895670
2021080108 586847646 30966589
2021080109 587777345 31183007
2021080110 953616061 44502078
2021080111 1310109962 60562130
2021080112 1439838380 67748820
2021080113 1530227269 72656494
2021080114 1530434170 72735095
2021080115 1530623525 72790998
2021080116 1530813064 72846981
2021080117 1531012845 72906689
2021080118 1531192095 72959527
2021080119 1531381914 73015850
2021080120 1531571755 73072381
2021080121 1531770674 73131025
2021080122 1531953058 73186403
2021080123 1560663755 76341154
