2021040100 0 0
2021040101 276013968 16439856
2021040102 711783094 35826112
2021040103 1062547622 47462123
2021040104 1062785555 47561723
2021040105 1062905480 47597807
2021040106 1063090715 47653260
2021040107 1063258841 47701865
2021040108 1063437812 47755043
2021040109 1063645899 47816276
2021040110 1063843976 47874496
2021040111 1064021960 47926302
2021040112 1064232618 47990989
2021040113 1599591377 67696440
2021040114 1750046901 76753642
2021040115 2948123721 87361800
2021040116 4289202492 98516552
2021040117 5479355133 109285347
2021040118 6528607771 118536796
2021040119 6858891918 148400236
2021040120 7162018602 177744544
2021040121 7458221325 203571274
2021040122 7878090516 226143445
2021040123 8272436966 242813640
2021040200 8491216495 255827078
2021040201 8914825131 274472608
2021040202 9273570129 288971690
2021040203 9393507485 294836614
2021040204 9540638967 300296420
2021040205 9622158371 304892184
2021040206 9622359208 304959504
2021040207 9622588983 305033192
2021040208 9622961902 305136853
2021040209 9624975834 305326994
2021040210 9625208337 305407633
2021040211 9745285839 316005769
2021040212 11786610080 378597070
2021040213 14340289344 466022485
2021040214 14669767030 483323171
2021040215 15277666815 503490660
2021040216 15788311371 539362453
2021040217 15963097575 548743763
2021040218 16241621319 562105616
2021040219 16512060640 586781516
2021040220 16732795697 601472606
2021040221 16888440586 614521286
2021040222 17107641234 629901924
2021040223 17549976895 660984698
2021040300 17986422113 691986210
2021040301 18404861984 727292986
2021040302 18817132554 762596356
2021040303 19359512937 779793894
2021040304 19368597323 780288043
2021040305 19368796271 780347683
2021040306 19368974711 780399873
2021040307 19369192090 780464483
2021040308 19369409819 780529069
2021040309 19369607909 780587341
2021040310 19369785964 780639067
2021040311 19369964016 780691157
2021040312 19370140181 780744981
2021040313 19370318810 780797095
2021040314 19378456748 781931835
2021040315 19548626467 798025133
2021040316 19989240440 833928789
2021040317 20521959180 874376632
2021040318 21764169172 890280490
2021040319 21828454774 897313016
2021040320 21867252623 907759981
2021040321 21906036488 912440267
2021040322 21927551344 916368291
2021040323 21954396541 920798490
2021040400 22143607127 933751675
2021040401 22157575754 936293982
2021040402 22166264442 938498502
2021040403 22171564463 940649349
2021040404 22181250061 943231127
2021040405 22195727680 945677150
2021040406 22200808068 947578816
2021040407 22217488190 951597840
2021040408 22258746393 959154623
2021040409 22312016227 966072653
2021040410 22329937808 969157155
2021040411 22336782738 970960341
2021040412 22339088808 972192177
2021040413 22342379112 973941010
2021040414 22369948576 976272423
2021040415 22564717079 983025790
2021040416 22946906048 1003317885
2021040417 23236096744 1021420382
2021040418 23615522914 1042611621
2021040419 23814092688 1062229923
2021040420 24221707972 1090161153
2021040421 24643775041 1123543040
2021040422 25032367350 1150447217
2021040423 25101124393 1155383813
2021040500 25488415678 1179963819
2021040501 25728467722 1199492681
2021040502 25728684529 1199555222
2021040503 25728873419 1199610821
2021040504 25729078191 1199694357
2021040505 25729301314 1199774951
2021040506 25729541101 1199854897
2021040507 25729826405 1199948742
2021040508 25731512989 1200134622
2021040509 25767252346 1202931401
2021040510 26101406008 1216171107
2021040511 26512988973 1235355114
2021040512 26838162298 1246331015
2021040513 26927575265 1251620628
2021040514 26933530831 1254283863
2021040515 26955194779 1257786181
2021040516 26965780518 1260349931
2021040517 26969098748 1262826593
2021040518 26973192090 1264973815
2021040519 26978092632 1267279114
2021040520 27047810772 1279053699
2021040521 27059063058 1282468041
2021040522 27067024497 1285427191
2021040523 27081991470 1293372897
2021040600 27091405560 1301318484
2021040601 27182673661 1308744237
2021040602 27190885873 1311443802
2021040603 27194370572 1313513722
2021040604 27199003969 1316037576
2021040605 27206586866 1318603140
2021040606 27282682975 1323158397
2021040607 27301129139 1326912028
2021040608 27313054118 1329400198
2021040609 27381369255 1345497064
2021040610 27400217410 1352248813
2021040611 27843402875 1358745035
2021040612 28547646350 1366835178
2021040613 30057645949 1379587447
2021040614 31273218912 1435082482
2021040615 31464049627 1446835074
2021040616 31692584813 1459723339
2021040617 32288215706 1479269955
2021040618 32974351184 1504225763
2021040619 33530571133 1536207922
2021040620 33973284309 1560825241
2021040621 34243641021 1574694851
2021040622 34705383656 1600759526
2021040623 34848322696 1614871063
